%YAML:1.0
#common parameters
imu_topic: "/mynteye/imu/data_raw"
image_topic: "/mynteye/left/image_raw"
image_r_topic: "/mynteye/right/image_raw"
output_path: "/catkin_ws/src/libcppt/config/log.tum"

#camera calibration, please replace it with your own calibration file.
#model_type: MEI
#camera_name: camera
#image_width: 752
#image_height: 480
#mirror_parameters:
#   xi: 2.3240502152083149e+00
#distortion_parameters:
#   k1: -7.2846074363884863e-02
#   k2: 7.3922066251669893e-01
#   p1: 7.8031450490717439e-04
#   p2: 1.1125751544447434e-04
#projection_parameters:
#   gamma1: 1.1919574208429231e+03
#   gamma2: 1.1962419519374005e+03
#   u0: 3.9017559066380522e+02
#   v0: 2.5308889949771191e+02

model_type: PINHOLE
camera_name: camera
image_width: 752
image_height: 480

#camera calibration
T_BC0: !!opencv-matrix
    rows: 4
    cols: 4
    dt: d
    data: [-0.00646620000000000, -0.99994994000000004, -0.00763565000000000, 0.00000533646000000,
            0.99997908999999996, -0.00646566000000000, -0.00009558000000000, -0.00004302922000000,
            0.00004620000000000, -0.00763611000000000,  0.99997084000000003,  0.00002303124000000,
            0.0, 0.0, 0.0, 1.0]

intrinsics0: [356.94410213878677496, 357.40888097897311582, 381.64638158380381583, 227.06518770187651057] #fu, fv, cu, cv
distortion_coefficients0: [-0.25578212099603281, 0.04705855225214325, 0.00070597902035026, -0.00006641342704396]

T_BC1: !!opencv-matrix
    rows: 4
    cols: 4
    dt: d
    data: [-8.71864725e-03,  -9.99878610e-01,  -1.29131145e-02, -0.00168091910,
            9.98225224e-01,  -7.94201138e-03,  -5.90196631e-02, 0.120598251,
            5.89099369e-02,  -1.34047698e-02,   9.98173294e-01, 0.00153429370,
            0.0, 0.0, 0.0, 1.0]

intrinsics1: [360.26500808807332987, 361.00061286165828278, 368.33314446451811364, 233.24107413011483914] #fu, fv, cu, cv
distortion_coefficients1: [-0.26040909867113921, 0.04667523101515141, 0.00099042424008858, -0.00061525011270181]

T_BI: !!opencv-matrix
    cols: 4
    rows: 4
    dt: d
    data: [1.0, 0.0, 0.0, 0.0,
           0.0, 1.0, 0.0, 0.0,
           0.0, 0.0, 1.0, 0.0,
           0.0, 0.0, 0.0, 1.0]

# Extrinsic parameter between IMU and Camera.
estimate_extrinsic: 0   # 0  Have an accurate extrinsic parameters. We will trust the following imu^R_cam, imu^T_cam, don't change it.
                        # 1  Have an initial guess about extrinsic parameters. We will optimize around your initial guess.
                        # 2  Don't know anything about extrinsic parameters. You don't need to give R,T. We will try to calibrate it. Do some rotation movement at beginning.                        
#If you choose 0 or 1, you should write down the following matrix.
#Rotation from camera frame to imu frame, imu^R_cam
extrinsicRotation: !!opencv-matrix
   rows: 3
   cols: 3
   dt: d
   data: [-0.0064662, -0.99994994, -0.00763565,
           0.99997909, -0.00646566, -0.00009558, 
           0.0000462, -0.00763611, 0.99997084]
#Translation from camera frame to imu frame, imu^T_cam
extrinsicTranslation: !!opencv-matrix
   rows: 3
   cols: 1
   dt: d
   data: [0.00533646,-0.04302922, 0.02303124]

#feature traker paprameters
max_cnt: 150            # max feature number in feature tracking
min_dist: 30            # min distance between two features 
freq: 20                # frequence (Hz) of publish tracking result. At least 10Hz for good estimation. If set 0, the frequence will be same as raw image 
F_threshold: 1.0        # ransac threshold (pixel)
show_track: 1           # publish tracking image as topic
equalize: 1             # if image is too dark or light, trun on equalize to find enough features
fisheye: 0              # if using fisheye, trun on it. A circle mask will be loaded to remove edge noisy points

#optimization parameters
max_solver_time: 0.04  # max solver itration time (ms), to guarantee real time
max_num_iterations: 5   # max solver itrations, to guarantee real time
keyframe_parallax: 10.0 # keyframe selection threshold (pixel)

#imu parameters       The more accurate parameters you provide, the better performance
acc_n: 0.0268014618074          # accelerometer measurement noise standard deviation. #0.599298904976
gyr_n: 0.00888232829671        # gyroscope measurement noise standard deviation.     #0.198614898699
acc_w: 0.00262960861593         # accelerometer bias random work noise standard deviation.  #0.02
gyr_w: 0.000379565782927       # gyroscope bias random work noise standard deviation.     #4.0e-5

#imu parameters       The more accurate parameters you provide, the better performance
#acc_n: 7.6509e-02           # accelerometer measurement noise standard deviation. #0.599298904976
#gyr_n: 9.0086e-03          # gyroscope measurement noise standard deviation.     #0.198614898699
#acc_w: 5.3271e-02        # accelerometer bias random work noise standard deviation.  #0.02
#gyr_w: 5.5379e-05        # gyroscope bias random work noise standard deviation.     #4.0e-5

g_norm: 9.81007     # gravity magnitude

#loop closure parameters
loop_closure: 1                    # start loop closure
load_previous_pose_graph: 0        # load and reuse previous pose graph; load from 'pose_graph_save_path'
fast_relocalization: 0             # useful in real-time and large project
pose_graph_save_path: "/home/zhangs/mynt_vins/config/mynteye/pose_graph/" # save and load path

#unsynchronization parameters
estimate_td: 1                      # online estimate time offset between camera and imu
td: 0.0                             # initial value of time offset. unit: s. readed image clock + td = real image clock (IMU clock)

#rolling shutter parameters
rolling_shutter: 0                  # 0: global shutter camera, 1: rolling shutter camera
rolling_shutter_tr: 0               # unit: s. rolling shutter read out time per frame (from data sheet). 

#visualization parameters
save_image: 1                   # save image in pose graph for visualization prupose; you can close this function by setting 0 
visualize_imu_forward: 0        # output imu forward propogation to achieve low latency and high frequence results
visualize_camera_size: 0.4      # size of camera marker in RVIZ
