%YAML:1.0
#common parameters
imu_topic: "/imu0"
image_topic: "/cam0/image_raw"
image_r_topic: "/cam1/image_raw"
output_path: "/catkin_ws/src/libcppt/config/log.tum"

model_type: FISHEYE
image_width: 512
image_height: 512

# Extrinsic parameter between IMU and Camera.
estimate_extrinsic: 0   # 0  Have an accurate extrinsic parameters. We will trust the following imu^R_cam, imu^T_cam, don't change it.
                        # 1  Have an initial guess about extrinsic parameters. We will optimize around your initial guess.
                        # 2  Don't know anything about extrinsic parameters. You don't need to give R,T. We will try to calibrate it. Do some rotation movement at beginning.  

#If you choose 0 or 1, you should write down the following matrix.
#camera calibration
T_BC0: !!opencv-matrix
    rows: 4
    cols: 4
    dt: d
    data: [-0.99952504,  0.00750192, -0.02989013,  0.04557484,
            0.02961534, -0.03439736, -0.99896935, -0.0711618 ,
           -0.00852233, -0.99938008,  0.03415885, -0.04468125,
            0.        ,  0.        ,  0.        ,  1.        ]

intrinsics0: [190.97847715128717, 190.9733070521226, 254.93170605935475, 256.8974428996504] #fu, fv, cu, cv
distortion_coefficients0: [0.0034823894022493434, 0.0007150348452162257, -0.0020532361418706202, 0.00020293673591811182]

T_BC1: !!opencv-matrix
    rows: 4
    cols: 4
    dt: d
    data: [-0.99951105,  0.00810408, -0.03019914, -0.05545634,
            0.03029912,  0.01251164, -0.99946257, -0.06925002,
           -0.00772188, -0.99988889, -0.01275107, -0.04745286,
            0.        ,  0.        ,  0.        ,  1.        ]

intrinsics1: [190.44236969414825, 190.4344384721956, 252.59949716835982, 254.91723064636983] #fu, fv, cu, cv
distortion_coefficients1: [0.0034003170790442797, 0.001766278153469831, -0.00266312569781606, 0.0003299517423931039]

T_BI: !!opencv-matrix
    cols: 4
    rows: 4
    dt: d
    data: [1.0, 0.0, 0.0, 0.0,
           0.0, 1.0, 0.0, 0.0,
           0.0, 0.0, 1.0, 0.0,
           0.0, 0.0, 0.0, 1.0]

acc_n: 0.04          # accelerometer measurement noise standard deviation. #0.2   0.04
gyr_n: 0.004         # gyroscope measurement noise standard deviation.     #0.05  0.004
acc_w: 0.0004         # accelerometer bias random work noise standard deviation.  #0.02
gyr_w: 0.00002      # gyroscope bias random work noise standard deviation.     #4.0e-5
g_norm: 9.81007     # gravity magnitude                     

#feature traker paprameters
clahe: 3.0              # 0 -> disable. others -> enable, and value is clipLimit parameter.
fast_threshold: 20      # FAST corner threshold
min_dist: 20            # min distance between two features
F_threshold: 3.0        # ransac threshold (pixel)

#backend parameters
max_solver_time_in_seconds: 0.05  # max solver itration time (ms), to guarantee real time
max_num_iterations: 10            # max solver itrations, to guarantee real time
keyframe_parallax: 10.0           # keyframe selection threshold (pixel)
cv_huber_loss_parameter: 1.0      # HuberLoss
sliding_window_size: 10
triangulate_default_depth: 5.0    # (m)
max_imu_sum_t: 10.0               # (s)
min_init_stereo_num: 30

#reloc parameters
enable_reloc: 1                    # start loop closure
#load_previous_pose_graph: 0        # load and reuse previous pose graph; load from 'pose_graph_save_path'
#fast_relocalization: 0             # useful in real-time and large project
#pose_graph_save_path: "/home/tony-ws1/output/pose_graph/" # save and load path

#unsynchronization parameters
estimate_td: 0                      # online estimate time offset between camera and imu
td: 0.0                             # initial value of time offset. unit: s. readed image clock + td = real image clock (IMU clock)

#rolling shutter parameters
#rolling_shutter: 0                  # 0: global shutter camera, 1: rolling shutter camera
#rolling_shutter_tr: 0               # unit: s. rolling shutter read out time per frame (from data sheet). 

#visualization parameters
#save_image: 1                   # save image in pose graph for visualization prupose; you can close this function by setting 0 
#visualize_imu_forward: 0        # output imu forward propogation to achieve low latency and high frequence results
#visualize_camera_size: 0.4      # size of camera marker in RVIZ

voc_path: "/catkin_ws/src/libcppt/config/voc/brief_k10L6.bin"
brief_pattern_path: "/catkin_ws/src/libcppt/config/brief/brief_pattern.yml"

enable_pose_faster: 1            # pose will align with imu fps
