%YAML:1.0
#common parameters
imu_topic: "/imu0"
image_topic: "/cam0/image_raw"
image_r_topic: "/cam1/image_raw"
output_path: "/catkin_ws/src/libcppt/config/log.tum"

model_type: OMNI
image_width: 752
image_height: 480


# Extrinsic parameter between IMU and Camera.
estimate_extrinsic: 0   # 0  Have an accurate extrinsic parameters. We will trust the following imu^R_cam, imu^T_cam, don't change it.
                        # 1  Have an initial guess about extrinsic parameters. We will optimize around your initial guess.
                        # 2  Don't know anything about extrinsic parameters. You don't need to give R,T. We will try to calibrate it. Do some rotation movement at beginning.  

#If you choose 0 or 1, you should write down the following matrix.
#camera calibration
T_BC0: !!opencv-matrix
    rows: 4
    cols: 4
    dt: d
    data: [ 9.9991036582958637e-01, 1.1948793070511360e-02,
           -6.0404180899061577e-03, 3.8836925129605959e-02,
           -1.1931508793228868e-02, 9.9992464233075007e-01,
            2.8894216789357523e-03, -4.7406823518464092e-03,
            6.0744879998126597e-03, -2.8170913864660921e-03,
            9.9997758204454790e-01, -3.5997702822723361e-03, 0., 0., 0., 1. ]

intrinsics0: [1.3217792921289520e+03, 1.3237233061481388e+03, 3.5263371410695777e+02, 2.2968716966022129e+02, 1.8162816904697401e+00] #fu, fv, cu, cv, xi
distortion_coefficients0: [-5.2280966938007600e-02, 5.3709501857137787e-01, -3.5867321540317175e-04, -2.5596838136604099e-04]

T_BC1: !!opencv-matrix
    rows: 4
    cols: 4
    dt: d
    data: [ 9.9993524996167893e-01, 1.0794248206017055e-02,
            3.6027891614088276e-03, -7.1831109637002136e-02,
           -1.0796833045707175e-02, 9.9994146833980613e-01,
            6.9877794450892857e-04, 2.1952350924807923e-04,
           -3.5950355016039623e-03, -7.3763141168485817e-04,
            9.9999326578714653e-01, -7.1952800314573134e-03, 0., 0., 0., 1. ]

intrinsics1: [9.7068844957117221e+02, 9.7213267608006288e+02, 3.8278539255731852e+02, 2.1495866029789241e+02, 1.0717101664076085e+00] #fu, fv, cu, cv, xi
distortion_coefficients1: [-3.0221279791260491e-01, 1.9647499896032700e-01, 1.6647738868803629e-04, 5.1332315500428121e-04]

T_BI: !!opencv-matrix
    cols: 4
    rows: 4
    dt: d
    data: [1.0, 0.0, 0.0, 0.0,
           0.0, 1.0, 0.0, 0.0,
           0.0, 0.0, 1.0, 0.0,
           0.0, 0.0, 0.0, 1.0]

acc_n: 0.1          # accelerometer measurement noise standard deviation. #0.08
gyr_n: 0.01         # gyroscope measurement noise standard deviation.     #0.004
acc_w: 0.001        # accelerometer bias random work noise standard deviation.  #0.02
gyr_w: 0.0001       # gyroscope bias random work noise standard deviation.     #4.0e-5
g_norm: 9.81007     # gravity magnitude                     

#feature traker paprameters
clahe: 3.0              # 0 -> disable. others -> enable, and value is clipLimit parameter.
fast_threshold: 20      # FAST corner threshold
min_dist: 32            # min distance between two features
F_threshold: 3.0        # ransac threshold (pixel)

#backend parameters
max_solver_time_in_seconds: 0.05  # max solver itration time (ms), to guarantee real time
max_num_iterations: 10            # max solver itrations, to guarantee real time
keyframe_parallax: 10.0           # keyframe selection threshold (pixel)
cv_huber_loss_parameter: 1.0      # HuberLoss
sliding_window_size: 10
triangulate_default_depth: 5.0    # (m)
max_imu_sum_t: 10.0               # (s)
min_init_stereo_num: 30

#reloc parameters
enable_reloc: 1                    # start loop closure
#load_previous_pose_graph: 0        # load and reuse previous pose graph; load from 'pose_graph_save_path'
#fast_relocalization: 0             # useful in real-time and large project
#pose_graph_save_path: "/home/tony-ws1/output/pose_graph/" # save and load path

#unsynchronization parameters
estimate_td: 0                      # online estimate time offset between camera and imu
td: 0.0                             # initial value of time offset. unit: s. readed image clock + td = real image clock (IMU clock)

#rolling shutter parameters
#rolling_shutter: 0                  # 0: global shutter camera, 1: rolling shutter camera
#rolling_shutter_tr: 0               # unit: s. rolling shutter read out time per frame (from data sheet). 

#visualization parameters
#save_image: 1                   # save image in pose graph for visualization prupose; you can close this function by setting 0 
#visualize_imu_forward: 0        # output imu forward propogation to achieve low latency and high frequence results
#visualize_camera_size: 0.4      # size of camera marker in RVIZ

voc_path: "/catkin_ws/src/libcppt/config/voc/brief_k10L6.bin"
brief_pattern_path: "/catkin_ws/src/libcppt/config/brief/brief_pattern.yml"

enable_pose_faster: 1            # pose will align with imu fps
